      1 500
      1 502
      1 504
      1 510
      1 515
      1 516
      1 520
      1 523
      2 525
      1 527
      1 529
      1 532
      1 533
      1 536
      3 540
      2 541
      1 544
      1 545
      2 547
      1 552
      2 556
      1 561
      1 564
      1 567
      1 569
      1 570
      1 572
      2 573
      1 581
      1 584
      1 586
      2 588
      2 591
      3 592
      1 594
      1 596
      1 603
      3 617
      1 621
      1 628
      1 630
      1 636
      1 639
      1 640
      1 643
      1 644
      1 647
      3 652
      1 654
      2 655
      1 659
      1 660
      1 661
      1 662
      1 663
      1 670
      1 674
      1 676
      1 684
      1 686
      1 688
      1 690
      1 694
      1 701
      1 703
      1 705
      1 706
      1 707
      1 712
      1 718
      2 720
      1 721
      1 741
      1 753
      1 757
      1 761
      1 763
      1 774
      1 776
      1 780
      1 786
      1 788
      1 789
      1 796
      1 797
      2 799
      2 802
      1 804
      1 805
      1 806
      1 807
      1 808
      1 809
      1 815
      1 816
      1 820
      1 822
      1 825
      1 826
      1 828
      1 829
      1 831
      2 834
      1 845
      1 849
      1 857
      1 858
      1 860
      1 863
      1 868
      1 869
      2 870
      1 871
      1 877
      1 878
      1 884
      1 886
      1 888
      1 896
      1 899
      1 902
      1 913
      1 915
      3 917
      1 921
      1 922
      1 924
      1 926
      1 931
      2 932
      1 934
      1 935
      1 939
      1 946
      1 961
      1 963
      1 965
      3 968
      1 969
      2 971
      1 972
      1 974
      1 976
      1 977
      1 979
      1 980
      1 993
      1 998
      1 1004
      2 1005
      1 1006
      1 1008
      1 1011
      1 1013
      1 1022
      1 1024
      2 1026
      1 1030
      2 1040
      1 1045
      1 1048
      1 1050
      1 1054
      1 1057
      1 1059
      1 1060
      1 1061
      1 1064
      1 1071
      1 1074
      1 1075
      1 1076
      1 1077
      1 1078
      1 1079
      1 1081
      1 1088
      1 1089
      1 1093
      2 1100
      1 1101
      1 1103
      1 1104
      2 1107
      1 1108
      1 1110
      1 1111
      1 1112
      3 1113
      1 1118
      2 1119
      2 1121
      1 1122
      3 1123
      1 1124
      2 1125
      1 1127
      3 1128
      1 1129
      2 1130
      4 1131
      3 1132
      3 1133
      2 1134
      1 1136
      1 1137
      3 1138
      6 1139
      6 1140
      4 1141
      8 1142
      4 1143
     12 1144
      4 1145
      8 1146
      2 1147
      9 1148
     11 1149
     13 1150
     13 1151
     13 1152
     20 1153
     20 1154
      8 1155
     10 1156
     10 1157
      9 1158
     10 1159
     13 1160
     16 1161
      8 1162
     14 1163
     11 1164
     23 1165
     23 1166
     34 1167
     19 1168
     22 1169
     31 1170
     31 1171
     47 1172
     53 1173
     63 1174
     56 1175
     62 1176
     40 1177
     80 1178
     84 1179
     82 1180
    111 1181
    140 1182
    160 1183
    136 1184
    194 1185
    224 1186
    218 1187
    246 1188
    303 1189
    259 1190
    296 1191
    235 1192
    246 1193
    216 1194
    202 1195
    139 1196
    158 1197
    122 1198
    151 1199
    138 1200
    177 1201
    250 1202
    253 1203
    307 1204
    348 1205
    456 1206
    527 1207
    579 1208
    627 1209
    703 1210
    787 1211
    802 1212
    724 1213
    699 1214
    615 1215
    553 1216
    486 1217
    396 1218
    298 1219
    225 1220
    171 1221
     97 1222
     88 1223
     72 1224
     34 1225
     23 1226
     22 1227
      8 1228
     11 1229
      9 1230
      5 1231
      2 1232
      1 1233
      3 1234
      5 1235
      2 1236
      1 1238
      3 1239
      1 1240
      1 1242
      1 1243
      1 1248
      1 1249
      2 1251
      2 1258
      1 1260
      1 1263
      1 1264
      1 1269
      1 1272
      1 1273
      1 1275
      1 1277
      1 1282
      1 1292
      2 1294
      1 1296
      1 1297
