      1 501
      1 508
      1 512
      1 515
      1 519
      1 521
      1 525
      1 535
      1 555
      1 562
      1 581
      1 585
      2 587
      1 596
      1 597
      1 603
      1 605
      1 652
      1 657
      1 669
      1 671
      1 687
      1 739
      2 760
      1 763
      1 772
      1 818
      1 820
      1 822
      1 823
      1 884
      1 909
      1 923
      1 927
      1 962
      1 964
      1 965
      1 966
      1 967
      1 968
      1 987
      1 1042
      1 1045
      1 1049
      1 1068
      1 1069
      1 1074
      1 1083
      1 1085
      1 1095
      1 1102
      1 1105
      1 1110
      1 1119
      1 1120
      2 1129
      1 1130
      1 1131
      1 1133
      1 1138
      1 1140
      2 1141
      2 1142
      2 1144
      4 1145
      1 1146
      5 1147
      6 1148
      7 1149
      7 1150
     11 1151
      3 1152
      5 1153
      9 1154
      4 1155
      5 1156
      2 1157
      6 1158
      2 1159
      3 1160
      4 1161
      4 1162
      3 1163
      5 1164
      4 1165
      2 1166
      4 1167
      8 1168
      3 1169
     14 1170
     16 1171
      9 1172
     16 1173
     17 1174
     20 1175
     18 1176
     29 1177
     22 1178
     26 1179
     25 1180
     42 1181
     47 1182
     50 1183
     66 1184
     77 1185
     84 1186
    106 1187
    111 1188
    126 1189
     95 1190
    115 1191
    102 1192
    111 1193
    100 1194
     69 1195
     53 1196
     52 1197
     56 1198
     59 1199
     59 1200
     98 1201
     90 1202
    108 1203
    132 1204
    160 1205
    186 1206
    250 1207
    282 1208
    262 1209
    313 1210
    290 1211
    351 1212
    282 1213
    293 1214
    263 1215
    241 1216
    173 1217
    129 1218
    107 1219
     79 1220
     46 1221
     51 1222
     23 1223
     19 1224
     13 1225
      8 1226
      3 1227
      3 1228
      3 1229
      1 1230
      1 1231
      1 1234
      2 1235
      2 1236
      2 1237
      1 1246
      2 1247
      1 1286
