      1 505
      1 523
      1 532
      1 554
      1 561
      1 571
      1 587
      1 588
      1 589
      1 638
      1 650
      1 664
      1 682
      1 690
      1 706
      1 708
      1 723
      1 741
      1 749
      1 754
      1 778
      1 781
      1 815
      1 821
      1 822
      1 827
      1 848
      1 852
      1 856
      1 866
      1 867
      1 906
      1 921
      1 926
      1 932
      2 960
      1 967
      1 974
      2 1007
      1 1010
      1 1029
      1 1031
      1 1032
      1 1034
      1 1036
      1 1040
      1 1049
      1 1059
      1 1062
      1 1064
      2 1067
      2 1082
      1 1084
      1 1111
      2 1114
      1 1117
      1 1121
      1 1124
      1 1126
      2 1130
      2 1131
      1 1132
      3 1134
      2 1135
      2 1136
      3 1137
      1 1138
      5 1139
      9 1140
      6 1141
     11 1142
     16 1143
     11 1144
     26 1145
     28 1146
     17 1147
     34 1148
     54 1149
     54 1150
     50 1151
     62 1152
     65 1153
     48 1154
     51 1155
     69 1156
     45 1157
     46 1158
     29 1159
     37 1160
     47 1161
     45 1162
     44 1163
     59 1164
     52 1165
     95 1166
    103 1167
    102 1168
    135 1169
    144 1170
    187 1171
    200 1172
    210 1173
    231 1174
    207 1175
    222 1176
    216 1177
    183 1178
    153 1179
    102 1180
     92 1181
    102 1182
    100 1183
     83 1184
     72 1185
     73 1186
     61 1187
     64 1188
     61 1189
     73 1190
     58 1191
     65 1192
     46 1193
     40 1194
     44 1195
     50 1196
     36 1197
     31 1198
     31 1199
     27 1200
     35 1201
     40 1202
     43 1203
     69 1204
     54 1205
     90 1206
     91 1207
    114 1208
    130 1209
    143 1210
    114 1211
    136 1212
    145 1213
    125 1214
    124 1215
    102 1216
     96 1217
     86 1218
     52 1219
     41 1220
     26 1221
     27 1222
     29 1223
      6 1224
      8 1225
      9 1226
      8 1227
      2 1228
      1 1229
      2 1231
      2 1232
      4 1233
      1 1234
      1 1235
      1 1237
      1 1258
      1 1274
      1 1299
