      1 500
      1 505
      1 520
      1 525
      1 526
      1 528
      1 564
      1 584
      1 594
      1 601
      1 619
      1 630
      1 645
      1 652
      1 667
      1 672
      1 681
      1 696
      1 716
      1 739
      1 743
      1 764
      1 771
      1 785
      1 791
      1 810
      1 811
      1 817
      1 819
      1 823
      2 840
      1 857
      1 874
      1 881
      1 900
      1 902
      1 905
      1 951
      2 959
      3 963
      1 965
      2 968
      1 972
      2 985
      1 1028
      1 1042
      1 1059
      1 1083
      1 1109
      1 1111
      1 1123
      1 1124
      3 1133
      2 1136
      1 1137
      1 1138
      1 1140
      2 1141
      3 1142
      1 1143
      1 1144
      1 1145
      3 1146
      1 1147
      1 1148
      1 1149
      3 1150
      3 1151
      1 1152
      1 1153
      1 1154
      2 1155
      1 1156
      2 1157
      2 1158
      1 1159
      1 1160
      1 1161
      1 1162
      2 1163
      1 1164
      1 1165
      2 1166
      5 1167
      3 1168
      9 1169
      8 1170
      8 1171
      6 1172
      7 1173
     19 1174
     16 1175
     26 1176
     13 1177
     34 1178
     24 1179
     24 1180
     41 1181
     33 1182
     46 1183
     63 1184
     75 1185
     90 1186
    112 1187
    113 1188
    119 1189
     92 1190
    120 1191
     96 1192
    101 1193
     84 1194
     82 1195
     67 1196
     58 1197
     59 1198
     76 1199
     65 1200
     93 1201
     88 1202
    127 1203
    156 1204
    201 1205
    210 1206
    258 1207
    294 1208
    290 1209
    332 1210
    352 1211
    374 1212
    351 1213
    318 1214
    284 1215
    249 1216
    205 1217
    162 1218
    138 1219
    120 1220
     63 1221
     43 1222
     27 1223
     26 1224
     15 1225
      8 1226
      5 1227
      1 1228
      4 1229
      1 1230
      3 1231
      1 1232
      1 1233
      1 1235
      1 1236
      1 1237
      1 1256
      1 1257
