      1 516
      1 533
      1 544
      1 545
      1 564
      1 588
      1 592
      1 595
      1 620
      1 621
      1 633
      1 659
      1 660
      1 681
      1 685
      1 698
      1 707
      1 715
      1 742
      1 754
      1 772
      1 785
      1 795
      1 817
      1 823
      1 830
      1 870
      1 885
      1 905
      1 919
      1 936
      1 956
      1 968
      1 974
      1 987
      1 993
      1 1019
      1 1058
      1 1068
      1 1106
      1 1109
      1 1113
      1 1116
      1 1127
      2 1128
      2 1130
      3 1132
      1 1134
      1 1136
      3 1138
      1 1140
      2 1141
      3 1142
      2 1144
      3 1145
      1 1146
      4 1147
      2 1148
      2 1149
      1 1150
      6 1151
      1 1152
      1 1153
      6 1154
      6 1155
      3 1156
      2 1157
      5 1158
      5 1159
      9 1160
      5 1161
      4 1163
      6 1164
      8 1165
      3 1166
      7 1167
      9 1168
     12 1169
      8 1170
     12 1171
     12 1172
     13 1173
     15 1174
     27 1175
     20 1176
     18 1177
     26 1178
     19 1179
     22 1180
     27 1181
     39 1182
     38 1183
     46 1184
     60 1185
     57 1186
     66 1187
     74 1188
     84 1189
     90 1190
     65 1191
     72 1192
     85 1193
     61 1194
     67 1195
     51 1196
     43 1197
     32 1198
     29 1199
     43 1200
     53 1201
     62 1202
     61 1203
     89 1204
     92 1205
     97 1206
    113 1207
    138 1208
    146 1209
    168 1210
    160 1211
    166 1212
    163 1213
    124 1214
    130 1215
    105 1216
     88 1217
     76 1218
     50 1219
     36 1220
     24 1221
     15 1222
     13 1223
      5 1224
      7 1225
      3 1226
      2 1227
      1 1228
      1 1229
      1 1230
      2 1232
      1 1234
      2 1236
      1 1291
      1 1300
