      2 505
      1 552
      1 559
      1 570
      1 594
      1 595
      1 621
      2 629
      1 647
      1 652
      1 655
      1 660
      1 681
      1 713
      1 720
      1 783
      1 820
      1 823
      1 824
      1 844
      1 852
      1 880
      1 929
      1 933
      1 952
      1 974
      1 1011
      1 1013
      1 1015
      1 1033
      1 1062
      1 1079
      1 1080
      1 1084
      1 1128
      2 1133
      3 1139
      2 1140
      2 1141
      5 1142
      1 1143
      2 1144
      1 1146
      4 1147
      5 1148
      4 1149
      5 1150
      4 1151
      4 1152
      4 1153
      3 1154
      4 1155
      2 1156
      3 1157
      1 1159
      5 1160
      2 1161
      1 1162
      3 1163
      3 1164
      5 1165
      4 1166
      6 1167
      3 1168
     14 1169
     12 1170
      8 1171
      6 1172
      7 1173
     18 1174
     13 1175
     18 1176
     18 1177
     17 1178
     25 1179
     35 1180
     26 1181
     30 1182
     38 1183
     50 1184
     55 1185
     58 1186
     50 1187
     77 1188
     78 1189
     82 1190
     60 1191
     72 1192
     52 1193
     58 1194
     38 1195
     48 1196
     40 1197
     37 1198
     28 1199
     34 1200
     34 1201
     46 1202
     62 1203
     72 1204
     95 1205
     93 1206
    114 1207
    121 1208
    139 1209
    144 1210
    177 1211
    148 1212
    151 1213
    154 1214
    129 1215
     85 1216
    100 1217
     81 1218
     43 1219
     43 1220
     30 1221
     20 1222
     17 1223
      9 1224
      5 1225
      6 1226
      3 1227
      1 1228
      1 1232
      2 1234
      1 1236
      2 1237
      1 1244
      1 1251
      1 1253
      1 1259
      1 1265
      1 1272
      1 1283
      1 1289
