      1 500
      1 505
      1 506
      1 508
      2 509
      1 511
      2 515
      1 517
      1 520
      1 522
      1 523
      3 524
      2 525
      1 531
      2 533
      1 534
      1 540
      1 542
      2 543
      2 551
      1 553
      1 562
      1 563
      1 566
      1 567
      2 570
      1 573
      1 575
      1 580
      1 583
      2 587
      1 588
      2 589
      1 590
      1 593
      1 595
      1 596
      1 597
      1 599
      1 600
      1 601
      1 604
      1 606
      1 609
      1 613
      1 617
      1 622
      1 625
      1 628
      1 632
      1 633
      1 635
      1 637
      1 639
      1 641
      2 646
      1 652
      1 661
      1 667
      1 674
      1 679
      1 681
      1 687
      1 689
      1 690
      1 692
      1 694
      1 695
      1 696
      1 700
      1 701
      1 705
      1 706
      1 711
      1 713
      2 724
      1 726
      1 730
      1 731
      1 733
      1 734
      1 736
      1 745
      1 747
      1 755
      1 763
      1 769
      1 776
      2 778
      1 779
      1 782
      1 784
      2 785
      1 791
      1 795
      1 800
      1 801
      2 805
      1 812
      1 813
      1 815
      1 817
      1 819
      2 820
      1 821
      1 822
      1 824
      2 825
      3 826
      1 832
      2 833
      1 839
      2 842
      1 843
      1 851
      1 852
      1 853
      1 856
      1 857
      1 863
      1 865
      1 870
      1 878
      1 881
      2 884
      3 891
      1 892
      2 894
      1 895
      1 898
      1 903
      1 904
      2 906
      2 907
      1 909
      1 910
      1 915
      1 919
      1 926
      1 928
      1 930
      1 932
      1 933
      1 941
      1 943
      1 955
      1 961
      1 964
      1 971
      1 975
      1 981
      1 986
      1 987
      1 988
      1 989
      1 991
      2 992
      3 998
      1 999
      1 1002
      1 1012
      1 1015
      1 1016
      1 1019
      2 1024
      1 1025
      3 1026
      2 1027
      1 1034
      2 1035
      1 1045
      2 1047
      1 1049
      1 1051
      1 1052
      2 1057
      1 1062
      1 1069
      2 1072
      1 1073
      2 1075
      1 1077
      1 1080
      1 1083
      1 1087
      1 1088
      1 1089
      1 1091
      3 1094
      1 1095
      3 1098
      3 1099
      1 1102
      1 1106
      1 1108
      1 1110
      2 1111
      1 1113
      2 1116
      1 1117
      2 1120
      1 1121
      1 1122
      3 1123
      1 1124
      1 1125
      1 1126
      1 1127
      1 1128
      2 1129
      3 1130
      2 1131
      1 1132
      4 1133
      2 1134
      3 1135
      4 1136
      1 1137
      3 1138
      5 1139
      3 1140
      1 1141
      6 1142
      8 1143
      7 1144
      6 1145
     15 1146
      8 1147
      8 1148
     15 1149
     15 1150
     26 1151
     14 1152
     13 1153
     19 1154
     13 1155
     17 1156
     13 1157
     11 1158
     13 1159
     20 1160
      7 1161
     16 1162
     13 1163
     14 1164
     17 1165
     22 1166
     29 1167
     22 1168
     43 1169
     38 1170
     53 1171
     52 1172
     46 1173
     62 1174
     62 1175
     83 1176
     66 1177
     82 1178
     90 1179
     76 1180
    102 1181
    144 1182
    134 1183
    176 1184
    230 1185
    239 1186
    302 1187
    304 1188
    305 1189
    313 1190
    334 1191
    328 1192
    288 1193
    253 1194
    210 1195
    199 1196
    175 1197
    159 1198
    132 1199
    153 1200
    205 1201
    207 1202
    299 1203
    332 1204
    388 1205
    418 1206
    475 1207
    634 1208
    733 1209
    761 1210
    779 1211
    782 1212
    798 1213
    732 1214
    675 1215
    567 1216
    442 1217
    379 1218
    318 1219
    214 1220
    170 1221
    112 1222
     90 1223
     46 1224
     45 1225
     21 1226
     17 1227
     12 1228
     12 1229
     12 1230
      3 1231
      3 1232
      2 1233
      2 1234
      2 1235
      4 1236
      2 1238
      3 1239
      2 1240
      1 1243
      1 1247
      1 1249
      1 1258
      1 1264
      1 1265
      1 1266
      1 1271
      1 1274
      1 1277
      1 1279
      1 1282
      1 1286
      1 1293
      1 1297
      1 1299
